latitude=21.166607
longitude=81.306427